0.08805558065090108
0.13283451246261505
0.15704395186681647
0.17172297820209687
0.18124714198541117
0.18768744773367677
0.192150400432372
0.19528004092443763
0.19747581175635046
0.19899787971246485
0.20002241206905938
0.20067252395469545
0.20103653314113765
0.2011792017523706
0.20114891402777527
0.20098240260456657
0.2007079443266946
0.20034757174421067
0.19991863490044515
0.19943492432629994
0.19890749159567042
0.19834525759455227
0.19775546932254698
0.19714404700835825
0.19651585071887231
0.19587488714838375
0.19522447145578647
0.19456735497072222
0.1939058267363859
0.19324179481864515
